
ps.ddfm <- c(0.05288, 0.04476, 0.06354, 0.07574, 0.07474, 0.03898, 0.07300, 0.03040, 0.04558, 0.05266, 0.07040, 0.05504, 0.05038, 0.05952, 0.05510, 0.04414, 0.06830, 0.05212)
ps.ddfd1 <- c(0.00000, 0.00000, 0.00168, 0.02536, 0.08620, 0.238884, 0.37668, 0.40120, 0.25490, 0.12838, 0.05226, 0.00726, 0.00100, 0.00108, 0.00006, 0.00012, 0.00004, 0.00008)
results.ddfm <- c(0.79, 0.83, 0.77, 0.71, 0.69, 0.84, 0.72, 0.88, 0.82, 0.80, 0.74, 0.78, 0.81, 0.76, 0.79, 0.84, 0.73, 0.82)
m <- c(0.01, 0.10, 0.50, 0.60, 0.70, 0.80, 0.90, 1.10, 1.20, 1.35, 1.50, 2.00, 2.50, 3.00, 3.50, 5.00, 10.00, 550.00)
results.ddfd1 <- c(1.00, 1.00, 1.00, 0.87, 0.62, 0.26, 0.06, 0.06, 0.23, 0.51, 0.72, 0.96, 0.99, 0.99, 1.00, 1.00, 1.00, 1.00)
results.flores <- c(0.15, 0.02, 0.03, 0.03, 0.05, 0.04, 0.05, 0.05, 0.04, 0.07, 0.05, 0.10, 0.10, 0.15, 0.15, 0.22, 0.31, 0.89)

