p.ddfm <- c(0.68500, 0.70572, 0.54000, 0.38988, 0.24148, 0.15680, 0.03536, 0.02556, 0.00856, 0.00880)
p.ddfd1 <- c(0.71300, 0.76168, 0.66960, 0.47872, 0.33556, 0.18872, 0.05384, 0.02888, 0.01800, 0.00120)
results.ddfm <- c(0.05, 0.03, 0.05, 0.27, 0.41, 0.64, 0.83, 0.91, 0.97, 0.97)
results.ddfd1 <- c(0.00, 0.01, 0.03, 0.11, 0.28, 0.53, 0.78, 0.87, 0.95, 1.00)
d <- c(0.05, 0.10, 0.15, 0.20, 0.25, 0.30, 0.35, 0.40, 0.45, 0.50)
result. flores <- c(0.14, 0.18, 0.35, 0.49, 0.63, 0.74, 0.84, 0.94, 0.94, 1.00)
