m <- c(0.01, 0.10, 0.50, 0.60, 0.70, 0.80, 0.90, 1.10, 1.20, 1.35, 1.50, 2.00, 2.50, 3.00, 3.50, 5.00, 10.00)
p.ddfm <- c(0.00000, 0.00000, 0.01444, 0.09160, 0.20696, 0.51444, 0.60796, 0.62500, 0.52700, 0.39432, 0.24772, 0.09620, 0.03068, 0.02156, 0.01960, 0.01504, 0.00936)
p.ddfd1 <- c(0.00000, 0.00000, 0.00416, 0.04632, 0.21976, 0.42792, 0.68256, 0.58984, 0.43704, 0.23504, 0.13316, 0.01164, 0.00308, 0.00300, 0.00412, 0.00092, 0.00000)
results.ddfm <- c(1.00, 1.00, 0.95, 0.67, 0.39, 0.13, 0.08, 0.04, 0.07, 0.18, 0.36, 0.71, 0.80, 0.89, 0.89, 0.97, 0.96)
results.ddfd1 <- c(1.00, 1.00, 0.97, 0.77, 0.39, 0.13, 0.01, 0.10, 0.17, 0.37, 0.53, 0.93, 0.99, 0.98, 0.99, 1.00, 1.00)
results.flores <- c(0.09, 0.00, 0.04, 0.01, 0.06, 0.02, 0.03, 0.06, 0.05, 0.06, 0.05, 0.10, 0.10, 0.11, 0.16, 0.25, 0.33)
